


0 0 5 3 0 0 0 0 0
8 0 0 0 0 0 0 2 0
0 7 0 0 1 0 5 0 0
4 0 0 0 0 5 3 0 0
0 1 0 0 7 0 0 0 6
0 0 3 2 0 0 0 8 0
0 6 0 5 0 0 0 0 9
0 0 4 0 0 0 0 3 0
0 0 0 0 0 9 7 0 0

6 2 0 0 0 15 0 3 0 0 7 0 12 0 0 0
0 5 0 0 0 0 0 0 11 0 0 9 0 16 0 0
13 0 9 8 16 0 0 0 0 12 0 0 14 0 4 0
1 0 7 3 0 13 0 5 0 14 15 0 0 0 0 11

12 0 2 0 0 0 0 11 0 6 14 0 0 0 0 8
0 0 11 13 0 0 0 6 12 0 0 0 7 4 16 0
14 0 0 0 0 12 0 0 10 7 0 4 0 13 0 9
0 0 0 0 0 0 1 0 0 11 2 0 0 0 0 0 

0 0 0 0 0 9 0 4 13 0 12 15 6 0 2 0
8 0 16 0 0 2 0 0 0 0 0 0 5 3 0 15
0 0 14 0 10 0 7 0 0 3 0 0 0 0 0 1
0 0 0 0 12 0 11 14 9 0 0 10 4 0 7 0

3 0 0 0 4 5 0 1 0 0 16 0 0 0 0 0
0 0 0 15 0 0 0 0 0 0 0 0 0 0 6 0
4 11 0 1 0 0 0 0 2 0 8 0 0 14 0 0 
7 0 0 0 0 0 14 0 0 0 6 0 3 15 0 0 